
MOMY_max=5.20906665469147, MOMY_min=0.2327677891457049
RHOT_max=347.81669715140475, RHOT_min=45.234711081112444
QV_max=0.019881951871657755, QV_min=1e-06